0000000000000000
0000000000000000
0000000000000000
0000000000000000
0000000000000000
0000000000000000
0000000000000000
0000000000000000
0000000000000000
0000000000000000
0000000000000000
0000000000000000
0000000000000000
0000000000000000
0000000000000000
0000000000000000
0000000000000000
0000000000000000
0000000000000000
0000000000000000
0000000000000000
0000000000000000
0000000000000000
0000000000000000
0000000000000000
0000000000000000
0000000000000000
0000000000000000
0000000000000000
0000000000000000
0000000000000000
0000000000000000
0111000100000000
0000000000110001
0000100000000000
1001000100000000
0110010000000000
0111000100000000
0000000000110111
0010001100000000
0010101100000000
1000000100000000
0111000100000000
0000000000111101
0001101100000000
1000100100000000
0111000100000000
0000000001000011
1010000100000000
0010011000000000
0111000000000000
0000000000000110
1100100000000000
0111011100000000
0000000000100100
1001111100000000
0111000000000000
0000000000000111
1100100000000000
0111011100000000
0000000000101001
1001111100000000
0111000000000000
0000000000001000
1100100000000000
0111011100000000
0000000000101101
1001111100000000
0111000000000000
0000000000001001
1100100000000000
1010100000000000
